target	protocol	seed	depth	trials	?	!	?+!	complete	merged	incomplete	generated	completed	equivalent	time_ms
D1_10	RESET	42	2	2412	148	0	148	8	9	0	17	true	true	3.289
D1_10	RESET	43	2	3636	154	0	154	8	9	0	17	true	true	4.290
D1_10	RESET	44	2	1377	140	0	140	8	9	0	17	true	true	1.899
D1_10	RESET	45	2	1886	137	0	137	8	9	0	17	true	true	3.498
D1_10	RESET	46	2	2778	146	0	146	8	9	0	17	true	true	3.463
D1_10	RESET	47	2	1714	119	0	119	8	9	0	17	true	true	2.498
D1_10	RESET	48	2	3167	203	0	203	8	9	0	17	true	true	3.713
D1_10	RESET	49	2	3862	177	0	177	8	9	0	17	true	true	4.591
D1_10	RESET	50	2	2554	135	0	135	8	9	0	17	true	true	3.030
D1_10	RESET	51	2	1903	139	0	139	8	9	0	17	true	true	2.583
D1_10	BACK	42	2	543	71	85	156	8	9	0	17	true	true	1.366
D1_10	BACK	43	2	346	71	67	138	8	9	0	17	true	true	1.002
D1_10	BACK	44	2	623	71	86	157	8	9	0	17	true	true	1.399
D1_10	BACK	45	2	457	71	77	148	8	9	0	17	true	true	1.108
D1_10	BACK	46	2	396	71	89	160	8	9	0	17	true	true	1.107
D1_10	BACK	47	2	652	71	81	152	8	9	0	17	true	true	1.425
D1_10	BACK	48	2	319	71	58	129	8	9	0	17	true	true	1.752
D1_10	BACK	49	2	469	71	57	128	8	9	0	17	true	true	1.438
D1_10	BACK	50	2	379	71	74	145	8	9	0	17	true	true	1.477
D1_10	BACK	51	2	748	71	75	146	8	9	0	17	true	true	2.005
D1_20	RESET	42	2	17159	288	0	288	14	15	0	29	true	true	27.795
D1_20	RESET	43	2	14030	240	0	240	14	15	0	29	true	true	29.735
D1_20	RESET	44	2	16778	250	0	250	14	15	0	29	true	true	35.625
D1_20	RESET	45	2	12279	239	0	239	14	15	0	29	true	true	24.237
D1_20	RESET	46	2	10175	231	0	231	14	15	0	29	true	true	22.074
D1_20	RESET	47	2	14336	248	0	248	14	15	0	29	true	true	29.314
D1_20	RESET	48	2	14617	247	0	247	14	15	0	29	true	true	29.156
D1_20	RESET	49	2	19778	259	0	259	14	15	0	29	true	true	39.745
D1_20	RESET	50	2	11232	233	0	233	14	15	0	29	true	true	82.853
D1_20	RESET	51	2	14634	250	0	250	14	15	0	29	true	true	27.826
D1_20	BACK	42	2	1009	119	138	257	14	15	0	29	true	true	3.209
D1_20	BACK	43	2	1733	119	106	225	14	15	0	29	true	true	3.848
D1_20	BACK	44	2	1789	119	111	230	14	15	0	29	true	true	4.385
D1_20	BACK	45	2	996	119	129	248	14	15	0	29	true	true	2.975
D1_20	BACK	46	2	764	119	144	263	14	15	0	29	true	true	3.542
D1_20	BACK	47	2	1206	119	108	227	14	15	0	29	true	true	3.529
D1_20	BACK	48	2	4306	119	107	226	14	15	0	29	true	true	9.315
D1_20	BACK	49	2	1666	119	110	229	14	15	0	29	true	true	4.182
D1_20	BACK	50	2	2477	119	121	240	14	15	0	29	true	true	4.607
D1_20	BACK	51	2	927	119	119	238	14	15	0	29	true	true	2.938
D1_40	RESET	42	3	55914	1432	0	1432	32	33	0	65	true	true	132.405
D1_40	RESET	43	3	104392	1393	0	1393	32	33	0	65	true	true	213.322
D1_40	RESET	44	3	83886	1390	0	1390	32	33	0	65	true	true	169.191
D1_40	RESET	45	3	53917	1309	0	1309	32	33	0	65	true	true	100.484
D1_40	RESET	46	3	76677	1330	0	1330	32	33	0	65	true	true	178.435
D1_40	RESET	47	3	62051	1465	0	1465	32	33	0	65	true	true	130.718
D1_40	RESET	48	3	93755	1523	0	1523	32	33	0	65	true	true	269.683
D1_40	RESET	49	3	65963	1296	0	1296	32	33	0	65	true	true	128.974
D1_40	RESET	50	3	84831	1556	0	1556	32	33	0	65	true	true	120.981
D1_40	RESET	51	3	78413	1485	0	1485	32	33	0	65	true	true	105.643
D1_40	BACK	42	3	5199	527	749	1276	32	33	0	65	true	true	10.022
D1_40	BACK	43	3	5722	527	718	1245	32	33	0	65	true	true	11.929
D1_40	BACK	44	3	3999	527	701	1228	32	33	0	65	true	true	9.836
D1_40	BACK	45	3	3804	527	706	1233	32	33	0	65	true	true	12.060
D1_40	BACK	46	3	4749	527	757	1284	32	33	0	65	true	true	10.872
D1_40	BACK	47	3	4472	527	724	1251	32	33	0	65	true	true	11.348
D1_40	BACK	48	3	4360	527	742	1269	32	33	0	65	true	true	12.011
D1_40	BACK	49	3	3785	527	702	1229	32	33	0	65	true	true	11.069
D1_40	BACK	50	3	3782	527	786	1313	32	33	0	65	true	true	14.860
D1_40	BACK	51	3	4569	527	707	1234	32	33	0	65	true	true	14.033
D1_80	RESET	42	3	108858	2787	0	2787	67	68	0	135	true	true	360.097
D1_80	RESET	43	3	159869	3100	0	3100	67	68	0	135	true	true	309.152
D1_80	RESET	44	3	119204	2894	0	2894	67	68	0	135	true	true	219.288
D1_80	RESET	45	3	123316	3062	0	3062	67	68	0	135	true	true	225.313
D1_80	RESET	46	3	100862	3003	0	3003	67	68	0	135	true	true	185.003
D1_80	RESET	47	3	108471	3014	0	3014	67	68	0	135	true	true	225.740
D1_80	RESET	48	3	149516	3102	0	3102	67	68	0	135	true	true	393.706
D1_80	RESET	49	3	141727	2925	0	2925	67	68	0	135	true	true	634.400
D1_80	RESET	50	3	148163	3050	0	3050	67	68	0	135	true	true	579.437
D1_80	RESET	51	3	137280	3161	0	3161	67	68	0	135	true	true	340.255
D1_80	BACK	42	3	7916	1087	1491	2578	67	68	0	135	true	true	21.245
D1_80	BACK	43	3	8096	1087	1505	2592	67	68	0	135	true	true	24.247
D1_80	BACK	44	3	7498	1087	1458	2545	67	68	0	135	true	true	22.000
D1_80	BACK	45	3	8530	1087	1563	2650	67	68	0	135	true	true	21.032
D1_80	BACK	46	3	7224	1087	1535	2622	67	68	0	135	true	true	19.367
D1_80	BACK	47	3	12353	1087	1464	2551	67	68	0	135	true	true	27.538
D1_80	BACK	48	3	8959	1087	1465	2552	67	68	0	135	true	true	21.745
D1_80	BACK	49	3	6987	1087	1509	2596	67	68	0	135	true	true	18.894
D1_80	BACK	50	3	9800	1087	1587	2674	67	68	0	135	true	true	24.645
D1_80	BACK	51	3	14372	1087	1471	2558	67	68	0	135	true	true	32.546
D1_160	RESET	42	4	485904	13122	0	13122	124	125	0	249	true	true	1413.342
D1_160	RESET	43	4	534125	13129	0	13129	124	125	0	249	true	true	1561.610
D1_160	RESET	44	4	679688	13700	0	13700	124	125	0	249	true	true	1978.671
D1_160	RESET	45	4	539312	13779	0	13779	124	125	0	249	true	true	1540.594
D1_160	RESET	46	4	580863	13212	0	13212	124	125	0	249	true	true	1725.498
D1_160	RESET	47	4	537453	13722	0	13722	124	125	0	249	true	true	3295.883
D1_160	RESET	48	4	434258	13475	0	13475	124	125	0	249	true	true	1493.089
D1_160	RESET	49	4	477176	13300	0	13300	124	125	0	249	true	true	2139.452
D1_160	RESET	50	4	514679	13556	0	13556	124	125	0	249	true	true	1483.600
D1_160	RESET	51	4	480334	13094	0	13094	124	125	0	249	true	true	1368.864
D1_160	BACK	42	4	24639	3999	6478	10477	124	125	0	249	true	true	91.390
D1_160	BACK	43	4	28611	3999	6583	10582	124	125	0	249	true	true	98.485
D1_160	BACK	44	4	23897	3999	6354	10353	124	125	0	249	true	true	85.508
D1_160	BACK	45	4	23811	3999	6463	10462	124	125	0	249	true	true	87.268
D1_160	BACK	46	4	29193	3999	6381	10380	124	125	0	249	true	true	97.876
D1_160	BACK	47	4	26605	3999	6478	10477	124	125	0	249	true	true	95.495
D1_160	BACK	48	4	25919	3999	6510	10509	124	125	0	249	true	true	90.413
D1_160	BACK	49	4	24139	3999	6464	10463	124	125	0	249	true	true	87.624
D1_160	BACK	50	4	25381	3999	6598	10597	124	125	0	249	true	true	90.620
D1_160	BACK	51	4	23377	3999	6285	10284	124	125	0	249	true	true	87.880
D1_320	RESET	42	4	1560808	28138	0	28138	261	262	0	523	true	true	9541.168
D1_320	RESET	43	4	1488260	28495	0	28495	261	262	0	523	true	true	8327.791
D1_320	RESET	44	4	1745901	28480	0	28480	261	262	0	523	true	true	10214.282
D1_320	RESET	45	4	1330200	28139	0	28139	261	262	0	523	true	true	7270.911
D1_320	RESET	46	4	1294102	28385	0	28385	261	262	0	523	true	true	7015.114
D1_320	RESET	47	4	1637251	28777	0	28777	261	262	0	523	true	true	9058.863
D1_320	RESET	48	4	1553406	27398	0	27398	261	262	0	523	true	true	8620.537
D1_320	RESET	49	4	1587999	28544	0	28544	261	262	0	523	true	true	9081.026
D1_320	RESET	50	4	1536346	28985	0	28985	261	262	0	523	true	true	8442.880
D1_320	RESET	51	4	1457023	28350	0	28350	261	262	0	523	true	true	8064.874
D1_320	BACK	42	4	60183	8383	13559	21942	261	262	0	523	true	true	351.443
D1_320	BACK	43	4	71236	8383	13483	21866	261	262	0	523	true	true	399.394
D1_320	BACK	44	4	80035	8383	13444	21827	261	262	0	523	true	true	438.272
D1_320	BACK	45	4	77326	8383	13498	21881	261	262	0	523	true	true	425.874
D1_320	BACK	46	4	68815	8383	13603	21986	261	262	0	523	true	true	392.753
D1_320	BACK	47	4	63736	8383	13589	21972	261	262	0	523	true	true	356.756
D1_320	BACK	48	4	94857	8383	13746	22129	261	262	0	523	true	true	1583.561
D1_320	BACK	49	4	67408	8383	13651	22034	261	262	0	523	true	true	670.901
D1_320	BACK	50	4	66416	8383	13485	21868	261	262	0	523	true	true	455.941
D1_320	BACK	51	4	57848	8383	13663	22046	261	262	0	523	true	true	335.348
D1_640	RESET	42	4	8437784	56753	0	56753	525	526	0	1051	true	true	96036.794
D1_640	RESET	43	4	9279519	57815	0	57815	525	526	0	1051	true	true	82108.437
D1_640	RESET	44	4	8788260	56488	0	56488	525	526	0	1051	true	true	60826.215
D1_640	RESET	45	4	7420652	56554	0	56554	525	526	0	1051	true	true	51006.115
D1_640	RESET	46	4	6885715	55560	0	55560	525	526	0	1051	true	true	47426.544
D1_640	RESET	47	4	8489689	56955	0	56955	525	526	0	1051	true	true	58820.581
D1_640	RESET	48	4	7581411	57397	0	57397	525	526	0	1051	true	true	52885.555
D1_640	RESET	49	4	8124429	56762	0	56762	525	526	0	1051	true	true	56522.070
D1_640	RESET	50	4	9788993	57537	0	57537	525	526	0	1051	true	true	68851.287
D1_640	RESET	51	4	9339463	56755	0	56755	525	526	0	1051	true	true	65457.545
D1_640	BACK	42	4	244970	16831	27502	44333	525	526	0	1051	true	true	1469.928
D1_640	BACK	43	4	221775	16831	27205	44036	525	526	0	1051	true	true	1350.399
D1_640	BACK	44	4	249443	16831	27248	44079	525	526	0	1051	true	true	1481.627
D1_640	BACK	45	4	195122	16831	27257	44088	525	526	0	1051	true	true	1185.477
D1_640	BACK	46	4	241143	16831	27220	44051	525	526	0	1051	true	true	1446.962
D1_640	BACK	47	4	143415	16831	27477	44308	525	526	0	1051	true	true	899.768
D1_640	BACK	48	4	190394	16831	27440	44271	525	526	0	1051	true	true	1152.906
D1_640	BACK	49	4	279092	16831	27292	44123	525	526	0	1051	true	true	1628.687
D1_640	BACK	50	4	212921	16831	27392	44223	525	526	0	1051	true	true	1285.023
D1_640	BACK	51	4	298946	16831	27197	44028	525	526	0	1051	true	true	1760.510
G1_176	RESET	42	1	2404224	5371	0	5371	154	463	0	617	true	true	9384.072
G1_176	RESET	43	1	2571279	5287	0	5287	154	463	0	617	true	true	9823.056
G1_176	RESET	44	1	2389801	5322	0	5322	154	463	0	617	true	true	9153.320
G1_176	RESET	45	1	2231824	5083	0	5083	154	463	0	617	true	true	8461.178
G1_176	RESET	46	1	2292361	5111	0	5111	154	463	0	617	true	true	8830.160
G1_176	RESET	47	1	2201737	5143	0	5143	154	463	0	617	true	true	8368.227
G1_176	RESET	48	1	2272662	5072	0	5072	154	463	0	617	true	true	8647.023
G1_176	RESET	49	1	2176551	5012	0	5012	154	463	0	617	true	true	8310.726
G1_176	RESET	50	1	2292610	5228	0	5228	154	463	0	617	true	true	8830.576
G1_176	RESET	51	1	2319628	5137	0	5137	154	463	0	617	true	true	8837.899
G1_176	BACK	42	1	18349	2469	2699	5168	154	463	0	617	true	true	126.468
G1_176	BACK	43	1	17236	2469	2643	5112	154	463	0	617	true	true	137.224
G1_176	BACK	44	1	20953	2469	2562	5031	154	463	0	617	true	true	138.322
G1_176	BACK	45	1	34003	2469	2951	5420	154	463	0	617	true	true	182.678
G1_176	BACK	46	1	20260	2469	2599	5068	154	463	0	617	true	true	133.726
G1_176	BACK	47	1	24502	2469	2825	5294	154	463	0	617	true	true	155.532
G1_176	BACK	48	1	16878	2469	2529	4998	154	463	0	617	true	true	127.917
G1_176	BACK	49	1	20249	2469	2688	5157	154	463	0	617	true	true	140.259
G1_176	BACK	50	1	25839	2469	2710	5179	154	463	0	617	true	true	153.402
G1_176	BACK	51	1	19198	2469	2714	5183	154	463	0	617	true	true	134.071
G2_297	RESET	42	2	40060515	61807	0	61807	289	868	0	1157	true	true	249146.400
G2_297	RESET	43	2	40819512	63439	0	63439	289	868	0	1157	true	true	252997.126
G2_297	RESET	44	2	40417292	63086	0	63086	289	868	0	1157	true	true	253631.350
G2_297	RESET	45	2	39724486	62279	0	62279	289	868	0	1157	true	true	251926.088
G2_297	RESET	46	2	40255845	62422	0	62422	289	868	0	1157	true	true	293804.404
G2_297	RESET	47	2	39023251	60823	0	60823	289	868	0	1157	true	true	278724.337
G2_297	RESET	48	2	40943160	63718	0	63718	289	868	0	1157	true	true	311648.281
G2_297	RESET	49	2	39652291	61930	0	61930	289	868	0	1157	true	true	372326.197
G2_297	RESET	50	2	40484343	63356	0	63356	289	868	0	1157	true	true	301509.242
G2_297	RESET	51	2	41943740	63746	0	63746	289	868	0	1157	true	true	331407.969
G2_297	BACK	42	2	106027	18517	27954	46471	289	868	0	1157	true	true	920.928
G2_297	BACK	43	2	113323	18517	28447	46964	289	868	0	1157	true	true	1147.146
G2_297	BACK	44	2	112357	18517	28268	46785	289	868	0	1157	true	true	933.180
G2_297	BACK	45	2	119838	18517	28549	47066	289	868	0	1157	true	true	1028.586
G2_297	BACK	46	2	115768	18517	28292	46809	289	868	0	1157	true	true	1068.096
G2_297	BACK	47	2	112936	18517	29029	47546	289	868	0	1157	true	true	969.524
G2_297	BACK	48	2	132849	18517	28346	46863	289	868	0	1157	true	true	1169.241
G2_297	BACK	49	2	109958	18517	28747	47264	289	868	0	1157	true	true	951.298
G2_297	BACK	50	2	114756	18517	28475	46992	289	868	0	1157	true	true	998.348
G2_297	BACK	51	2	127399	18517	28663	47180	289	868	0	1157	true	true	1064.528
G3_176	RESET	42	1	2453989	5589	0	5589	164	493	0	657	true	true	14248.089
G3_176	RESET	43	1	2675657	5574	0	5574	164	493	0	657	true	true	15361.608
G3_176	RESET	44	1	2451513	5621	0	5621	164	493	0	657	true	true	15415.762
G3_176	RESET	45	1	2386010	5310	0	5310	164	493	0	657	true	true	13107.039
G3_176	RESET	46	1	2248487	5317	0	5317	164	493	0	657	true	true	12336.254
G3_176	RESET	47	1	2575008	5588	0	5588	164	493	0	657	true	true	14407.436
G3_176	RESET	48	1	2640812	5584	0	5584	164	493	0	657	true	true	14049.499
G3_176	RESET	49	1	2369974	5437	0	5437	164	493	0	657	true	true	11565.083
G3_176	RESET	50	1	2359303	5486	0	5486	164	493	0	657	true	true	13266.632
G3_176	RESET	51	1	2648437	5635	0	5635	164	493	0	657	true	true	14644.349
G3_176	BACK	42	1	29534	2629	2754	5383	164	493	0	657	true	true	245.206
G3_176	BACK	43	1	20817	2629	2787	5416	164	493	0	657	true	true	190.347
G3_176	BACK	44	1	20533	2629	2887	5516	164	493	0	657	true	true	191.958
G3_176	BACK	45	1	22281	2629	3116	5745	164	493	0	657	true	true	180.125
G3_176	BACK	46	1	21345	2629	2752	5381	164	493	0	657	true	true	175.712
G3_176	BACK	47	1	18499	2629	2965	5594	164	493	0	657	true	true	165.204
G3_176	BACK	48	1	22307	2629	2827	5456	164	493	0	657	true	true	177.757
G3_176	BACK	49	1	24174	2629	2871	5500	164	493	0	657	true	true	189.371
G3_176	BACK	50	1	29275	2629	2882	5511	164	493	0	657	true	true	205.857
G3_176	BACK	51	1	19013	2629	2825	5454	164	493	0	657	true	true	173.366
G4_297	RESET	42	2	40060515	61807	0	61807	289	868	0	1157	true	true	304808.381
G4_297	RESET	43	2	40819512	63439	0	63439	289	868	0	1157	true	true	348595.426
G4_297	RESET	44	2	40417292	63086	0	63086	289	868	0	1157	true	true	319731.174
G4_297	RESET	45	2	39724486	62279	0	62279	289	868	0	1157	true	true	328282.220
G4_297	RESET	46	2	40255845	62422	0	62422	289	868	0	1157	true	true	324035.902
G4_297	RESET	47	2	39023251	60823	0	60823	289	868	0	1157	true	true	306146.745
G4_297	RESET	48	2	40943160	63718	0	63718	289	868	0	1157	true	true	266199.265
G4_297	RESET	49	2	39652291	61930	0	61930	289	868	0	1157	true	true	279063.214
G4_297	RESET	50	2	40484343	63356	0	63356	289	868	0	1157	true	true	319422.980
G4_297	RESET	51	2	41943740	63746	0	63746	289	868	0	1157	true	true	328036.222
G4_297	BACK	42	2	106027	18517	27954	46471	289	868	0	1157	true	true	914.276
G4_297	BACK	43	2	113323	18517	28447	46964	289	868	0	1157	true	true	1039.801
G4_297	BACK	44	2	112357	18517	28268	46785	289	868	0	1157	true	true	964.333
G4_297	BACK	45	2	119838	18517	28549	47066	289	868	0	1157	true	true	965.386
G4_297	BACK	46	2	115768	18517	28292	46809	289	868	0	1157	true	true	1001.423
G4_297	BACK	47	2	112936	18517	29029	47546	289	868	0	1157	true	true	916.106
G4_297	BACK	48	2	132849	18517	28346	46863	289	868	0	1157	true	true	1076.146
G4_297	BACK	49	2	109958	18517	28747	47264	289	868	0	1157	true	true	866.753
G4_297	BACK	50	2	114756	18517	28475	46992	289	868	0	1157	true	true	961.960
G4_297	BACK	51	2	127399	18517	28663	47180	289	868	0	1157	true	true	1027.423
G5_86	BACK	42	3	125861	22101	37608	59709	86	259	0	345	true	true	335.855
G5_86	BACK	43	3	123339	22101	37451	59552	86	259	0	345	true	true	318.952
G5_86	BACK	44	3	121803	22101	37182	59283	86	259	0	345	true	true	283.139
G5_86	BACK	45	3	127739	22101	37812	59913	86	259	0	345	true	true	296.535
G5_86	BACK	46	3	124473	22101	37109	59210	86	259	0	345	true	true	311.226
G5_86	BACK	47	3	130048	22101	38406	60507	86	259	0	345	true	true	345.647
G5_86	BACK	48	3	121392	22101	37148	59249	86	259	0	345	true	true	315.262
G5_86	BACK	49	3	127455	22101	37884	59985	86	259	0	345	true	true	320.379
G5_86	BACK	50	3	124674	22101	37784	59885	86	259	0	345	true	true	304.048
G5_86	BACK	51	3	142341	22101	38027	60128	86	259	0	345	true	true	352.275
G6_191	BACK	42	4	1086958	195925	343614	539539	191	574	0	765	true	true	5727.774
G6_191	BACK	43	4	1098239	195925	343395	539320	191	574	0	765	true	true	4412.229
G6_191	BACK	44	4	1101399	195925	342650	538575	191	574	0	765	true	true	4626.106
G6_191	BACK	45	4	1098778	195925	345462	541387	191	574	0	765	true	true	4366.979
G6_191	BACK	46	4	1105299	195925	344415	540340	191	574	0	765	true	true	4765.211
G6_191	BACK	47	4	1092353	195925	342681	538606	191	574	0	765	true	true	4871.933
G6_191	BACK	48	4	1101048	195925	343786	539711	191	574	0	765	true	true	5007.627
G6_191	BACK	49	4	1099334	195925	344599	540524	191	574	0	765	true	true	4885.813
G6_191	BACK	50	4	1093388	195925	344522	540447	191	574	0	765	true	true	5104.259
G6_191	BACK	51	4	1106541	195925	343786	539711	191	574	0	765	true	true	4488.312
G7_94	BACK	42	4	541018	96597	169958	266555	94	283	0	377	true	true	1440.619
G7_94	BACK	43	4	537810	96597	169673	266270	94	283	0	377	true	true	1605.559
G7_94	BACK	44	4	534372	96597	168541	265138	94	283	0	377	true	true	1437.939
G7_94	BACK	45	4	541601	96597	169981	266578	94	283	0	377	true	true	1549.877
G7_94	BACK	46	4	540131	96597	169760	266357	94	283	0	377	true	true	1538.403
G7_94	BACK	47	4	535052	96597	168699	265296	94	283	0	377	true	true	1464.272
G7_94	BACK	48	4	536646	96597	169277	265874	94	283	0	377	true	true	1509.407
G7_94	BACK	49	4	535024	96597	168956	265553	94	283	0	377	true	true	1428.320
G7_94	BACK	50	4	556262	96597	169820	266417	94	283	0	377	true	true	1583.796
G7_94	BACK	51	4	539387	96597	168425	265022	94	283	0	377	true	true	1435.096
G8_191	BACK	42	3	277164	48981	83364	132345	191	574	0	765	true	true	1276.542
G8_191	BACK	43	3	291212	48981	83346	132327	191	574	0	765	true	true	1285.596
G8_191	BACK	44	3	278868	48981	82575	131556	191	574	0	765	true	true	1671.400
G8_191	BACK	45	3	285059	48981	84142	133123	191	574	0	765	true	true	1235.937
G8_191	BACK	46	3	282140	48981	83992	132973	191	574	0	765	true	true	1303.567
G8_191	BACK	47	3	289737	48981	82943	131924	191	574	0	765	true	true	1304.061
G8_191	BACK	48	3	281356	48981	83404	132385	191	574	0	765	true	true	1918.728
G8_191	BACK	49	3	307121	48981	83351	132332	191	574	0	765	true	true	1779.011
G8_191	BACK	50	3	278902	48981	83334	132315	191	574	0	765	true	true	1477.050
G8_191	BACK	51	3	291749	48981	83466	132447	191	574	0	765	true	true	1368.643
G09_86	BACK	42	1	11988	1381	1588	2969	86	259	0	345	true	true	61.614
G09_86	BACK	43	1	14947	1381	1505	2886	86	259	0	345	true	true	73.607
G09_86	BACK	44	1	10697	1381	1570	2951	86	259	0	345	true	true	59.954
G09_86	BACK	45	1	11225	1381	1581	2962	86	259	0	345	true	true	60.043
G09_86	BACK	46	1	21928	1381	1422	2803	86	259	0	345	true	true	88.143
G09_86	BACK	47	1	13409	1381	1526	2907	86	259	0	345	true	true	65.810
G09_86	BACK	48	1	11992	1381	1508	2889	86	259	0	345	true	true	64.124
G09_86	BACK	49	1	13792	1381	1551	2932	86	259	0	345	true	true	70.365
G09_86	BACK	50	1	11645	1381	1537	2918	86	259	0	345	true	true	63.250
G09_86	BACK	51	1	10203	1381	1507	2888	86	259	0	345	true	true	62.295
G10_191	BACK	42	2	72286	12245	18563	30808	191	574	0	765	true	true	487.171
G10_191	BACK	43	2	74670	12245	18875	31120	191	574	0	765	true	true	442.665
G10_191	BACK	44	2	87065	12245	18520	30765	191	574	0	765	true	true	531.846
G10_191	BACK	45	2	75356	12245	18908	31153	191	574	0	765	true	true	540.163
G10_191	BACK	46	2	70894	12245	18691	30936	191	574	0	765	true	true	556.308
G10_191	BACK	47	2	78241	12245	19104	31349	191	574	0	765	true	true	527.983
G10_191	BACK	48	2	77874	12245	18661	30906	191	574	0	765	true	true	506.985
G10_191	BACK	49	2	79191	12245	19237	31482	191	574	0	765	true	true	463.847
G10_191	BACK	50	2	80081	12245	18810	31055	191	574	0	765	true	true	499.013
G10_191	BACK	51	2	73621	12245	18943	31188	191	574	0	765	true	true	543.014
G11_94	BACK	42	1	11638	1509	1575	3084	94	283	0	377	true	true	88.394
G11_94	BACK	43	1	11551	1509	1660	3169	94	283	0	377	true	true	93.948
G11_94	BACK	44	1	9151	1509	1611	3120	94	283	0	377	true	true	83.398
G11_94	BACK	45	1	12313	1509	1765	3274	94	283	0	377	true	true	96.357
G11_94	BACK	46	1	11265	1509	1682	3191	94	283	0	377	true	true	105.148
G11_94	BACK	47	1	10786	1509	1764	3273	94	283	0	377	true	true	89.428
G11_94	BACK	48	1	12239	1509	1627	3136	94	283	0	377	true	true	98.081
G11_94	BACK	49	1	18642	1509	1648	3157	94	283	0	377	true	true	126.363
G11_94	BACK	50	1	13339	1509	1668	3177	94	283	0	377	true	true	100.545
G11_94	BACK	51	1	10453	1509	1629	3138	94	283	0	377	true	true	84.447
G12_191	BACK	42	2	72286	12245	18563	30808	191	574	0	765	true	true	556.508
G12_191	BACK	43	2	74670	12245	18875	31120	191	574	0	765	true	true	528.080
G12_191	BACK	44	2	87065	12245	18520	30765	191	574	0	765	true	true	602.933
G12_191	BACK	45	2	75356	12245	18908	31153	191	574	0	765	true	true	621.178
G12_191	BACK	46	2	70894	12245	18691	30936	191	574	0	765	true	true	600.392
G12_191	BACK	47	2	78241	12245	19104	31349	191	574	0	765	true	true	652.861
G12_191	BACK	48	2	77874	12245	18661	30906	191	574	0	765	true	true	541.311
G12_191	BACK	49	2	79191	12245	19237	31482	191	574	0	765	true	true	499.799
G12_191	BACK	50	2	80081	12245	18810	31055	191	574	0	765	true	true	490.090
G12_191	BACK	51	2	73621	12245	18943	31188	191	574	0	765	true	true	450.391

SUMMARY (sample standard deviation, denominator n-1)
target	protocol	runs	depth	trials_mean	trials_sd	?_mean	?_sd	!_mean	!_sd	?+!_mean	?+!_sd	complete_mean	complete_sd	merged_mean	merged_sd	incomplete_mean	incomplete_sd	generated_mean	generated_sd	time_ms_mean	time_ms_sd	completed_runs	equivalent_runs
D1_10	BACK	10	2	493.200	143.708	71.000	0.000	74.900	11.229	145.900	11.229	8.000	0.000	9.000	0.000	0.000	0.000	17.000	0.000	1.408	0.303	10	10
D1_10	RESET	10	2	2528.900	835.487	149.800	23.920	0.000	0.000	149.800	23.920	8.000	0.000	9.000	0.000	0.000	0.000	17.000	0.000	3.285	0.822	10	10
D1_160	BACK	10	4	25557.200	2033.544	3999.000	0.000	6459.400	97.436	10458.400	97.436	124.000	0.000	125.000	0.000	0.000	0.000	249.000	0.000	91.256	4.579	10	10
D1_160	RESET	10	4	526379.200	68006.963	13408.900	270.020	0.000	0.000	13408.900	270.020	124.000	0.000	125.000	0.000	0.000	0.000	249.000	0.000	1800.060	581.585	10	10
D1_20	BACK	10	2	1687.300	1059.050	119.000	0.000	119.300	13.614	238.300	13.614	14.000	0.000	15.000	0.000	0.000	0.000	29.000	0.000	4.253	1.868	10	10
D1_20	RESET	10	2	14501.800	2881.253	248.500	16.284	0.000	0.000	248.500	16.284	14.000	0.000	15.000	0.000	0.000	0.000	29.000	0.000	34.836	17.616	10	10
D1_320	BACK	10	4	70786.000	10912.998	8383.000	0.000	13572.100	96.360	21955.100	96.360	261.000	0.000	262.000	0.000	0.000	0.000	523.000	0.000	541.024	378.455	10	10
D1_320	RESET	10	4	1519129.600	135183.525	28369.100	428.753	0.000	0.000	28369.100	428.753	261.000	0.000	262.000	0.000	0.000	0.000	523.000	0.000	8563.745	976.639	10	10
D1_40	BACK	10	3	4444.100	649.782	527.000	0.000	729.200	28.428	1256.200	28.428	32.000	0.000	33.000	0.000	0.000	0.000	65.000	0.000	11.804	1.602	10	10
D1_40	RESET	10	3	75979.900	16513.363	1417.900	89.988	0.000	0.000	1417.900	89.988	32.000	0.000	33.000	0.000	0.000	0.000	65.000	0.000	154.984	53.382	10	10
D1_640	BACK	10	4	227722.100	45312.986	16831.000	0.000	27323.000	118.114	44154.000	118.114	525.000	0.000	526.000	0.000	0.000	0.000	1051.000	0.000	1366.129	248.895	10	10
D1_640	RESET	10	4	8413591.500	927483.161	56857.600	634.367	0.000	0.000	56857.600	634.367	525.000	0.000	526.000	0.000	0.000	0.000	1051.000	0.000	63994.114	15054.718	10	10
D1_80	BACK	10	3	9173.500	2406.407	1087.000	0.000	1504.800	44.529	2591.800	44.529	67.000	0.000	68.000	0.000	0.000	0.000	135.000	0.000	23.326	4.143	10	10
D1_80	RESET	10	3	129726.600	20312.651	3009.800	112.617	0.000	0.000	3009.800	112.617	67.000	0.000	68.000	0.000	0.000	0.000	135.000	0.000	347.239	153.667	10	10
G09_86	BACK	10	1	13182.600	3401.225	1381.000	0.000	1529.500	48.729	2910.500	48.729	86.000	0.000	259.000	0.000	0.000	0.000	345.000	0.000	66.920	8.660	10	10
G10_191	BACK	10	2	76927.900	4677.411	12245.000	0.000	18831.200	230.280	31076.200	230.280	191.000	0.000	574.000	0.000	0.000	0.000	765.000	0.000	509.900	36.908	10	10
G11_94	BACK	10	1	12137.700	2554.544	1509.000	0.000	1662.900	61.576	3171.900	61.576	94.000	0.000	283.000	0.000	0.000	0.000	377.000	0.000	96.611	12.581	10	10
G12_191	BACK	10	2	76927.900	4677.411	12245.000	0.000	18831.200	230.280	31076.200	230.280	191.000	0.000	574.000	0.000	0.000	0.000	765.000	0.000	554.354	64.488	10	10
G1_176	BACK	10	1	21746.700	5182.553	2469.000	0.000	2692.000	124.794	5161.000	124.794	154.000	0.000	463.000	0.000	0.000	0.000	617.000	0.000	142.960	16.895	10	10
G1_176	RESET	10	1	2315267.700	115939.142	5176.600	119.051	0.000	0.000	5176.600	119.051	154.000	0.000	463.000	0.000	0.000	0.000	617.000	0.000	8864.624	475.880	10	10
G2_297	BACK	10	2	116521.100	8118.802	18517.000	0.000	28477.000	295.688	46994.000	295.688	289.000	0.000	868.000	0.000	0.000	0.000	1157.000	0.000	1025.087	86.692	10	10
G2_297	RESET	10	2	40332443.500	807105.713	62660.600	966.573	0.000	0.000	62660.600	966.573	289.000	0.000	868.000	0.000	0.000	0.000	1157.000	0.000	289712.139	40885.544	10	10
G3_176	BACK	10	1	22777.800	3854.237	2629.000	0.000	2866.600	109.546	5495.600	109.546	164.000	0.000	493.000	0.000	0.000	0.000	657.000	0.000	189.490	22.715	10	10
G3_176	RESET	10	1	2480919.000	146106.968	5514.100	121.486	0.000	0.000	5514.100	121.486	164.000	0.000	493.000	0.000	0.000	0.000	657.000	0.000	13840.175	1259.638	10	10
G4_297	BACK	10	2	116521.100	8118.802	18517.000	0.000	28477.000	295.688	46994.000	295.688	289.000	0.000	868.000	0.000	0.000	0.000	1157.000	0.000	973.361	64.203	10	10
G4_297	RESET	10	2	40332443.500	807105.713	62660.600	966.573	0.000	0.000	62660.600	966.573	289.000	0.000	868.000	0.000	0.000	0.000	1157.000	0.000	312432.153	24467.399	10	10
G5_86	BACK	10	3	126912.500	6057.758	22101.000	0.000	37641.100	423.858	59742.100	423.858	86.000	0.000	259.000	0.000	0.000	0.000	345.000	0.000	318.332	21.570	10	10
G6_191	BACK	10	4	1098333.700	5995.192	195925.000	0.000	343891.000	881.351	539816.000	881.351	191.000	0.000	574.000	0.000	0.000	0.000	765.000	0.000	4825.624	403.993	10	10
G7_94	BACK	10	4	539730.300	6365.539	96597.000	0.000	169309.000	609.081	265906.000	609.081	94.000	0.000	283.000	0.000	0.000	0.000	377.000	0.000	1499.329	66.846	10	10
G8_191	BACK	10	3	286330.800	9042.229	48981.000	0.000	83391.700	447.853	132372.700	447.853	191.000	0.000	574.000	0.000	0.000	0.000	765.000	0.000	1462.053	242.338	10	10
